0.49883371640221147
0.49883371640221147
0.49883371640221147
0.49883371640221147
0.49883371640221147
0.49883371640221147
0.49883371640221147
0.49883371640221147
0.49883371640221147
0.49883371640221147
0.49883371640221147
0.49883371640221147
0.49883371640221147
0.49883371640221147
0.49883371640221147
0.49883371640221147
0.49883371640221147
0.49883371640221147
0.49883371640221147
0.49883371640221147
0.49883371640221147
0.49883371640221147
0.49883371640221147
0.49883371640221147
0.49883371640221147
0.49883371640221147
0.49883371640221147
0.49883371640221147
0.49883371640221147
0.49883371640221147
0.49883371640221147
0.49883371640221147
0.49883371640221147
0.49883371640221147
0.49883371640221147
0.49883371640221147
0.49883371640221147
0.49883371640221147
0.49883371640221147
0.49883371640221147
0.49883371640221147
0.49883371640221147
0.49883371640221147
0.49883371640221147
0.49883371640221147
0.49883371640221147
0.49883371640221147
0.49883371640221147
0.49883371640221147
